,num_confirmed,num_death,num_recovered,num_confirmed_that_day,num_death_that_day,num_recovered_that_day
1/22/2020,0,0,0,,,
1/23/2020,0,0,0,0.0,0.0,0.0
1/24/2020,0,0,0,0.0,0.0,0.0
1/25/2020,0,0,0,0.0,0.0,0.0
1/26/2020,0,0,0,0.0,0.0,0.0
1/27/2020,0,0,0,0.0,0.0,0.0
1/28/2020,0,0,0,0.0,0.0,0.0
1/29/2020,0,0,0,0.0,0.0,0.0
1/30/2020,0,0,0,0.0,0.0,0.0
1/31/2020,0,0,0,0.0,0.0,0.0
2/1/2020,1,0,0,1.0,0.0,0.0
2/2/2020,1,0,0,0.0,0.0,0.0
2/3/2020,1,0,0,0.0,0.0,0.0
2/4/2020,1,0,0,0.0,0.0,0.0
2/5/2020,1,0,0,0.0,0.0,0.0
2/6/2020,1,0,0,0.0,0.0,0.0
2/7/2020,1,0,0,0.0,0.0,0.0
2/8/2020,1,0,0,0.0,0.0,0.0
2/9/2020,2,0,0,1.0,0.0,0.0
2/10/2020,2,0,0,0.0,0.0,0.0
2/11/2020,2,0,0,0.0,0.0,0.0
2/12/2020,2,0,0,0.0,0.0,0.0
2/13/2020,2,0,0,0.0,0.0,0.0
2/14/2020,2,0,0,0.0,0.0,0.0
2/15/2020,2,0,2,0.0,0.0,2.0
2/16/2020,2,0,2,0.0,0.0,0.0
2/17/2020,2,0,2,0.0,0.0,0.0
2/18/2020,2,0,2,0.0,0.0,0.0
2/19/2020,2,0,2,0.0,0.0,0.0
2/20/2020,2,0,2,0.0,0.0,0.0
2/21/2020,2,0,2,0.0,0.0,0.0
2/22/2020,2,0,2,0.0,0.0,0.0
2/23/2020,2,0,2,0.0,0.0,0.0
2/24/2020,2,0,2,0.0,0.0,0.0
2/25/2020,6,0,2,4.0,0.0,0.0
2/26/2020,13,0,2,7.0,0.0,0.0
2/27/2020,15,0,2,2.0,0.0,0.0
2/28/2020,32,0,2,17.0,0.0,0.0
2/29/2020,45,0,2,13.0,0.0,0.0
3/1/2020,84,0,2,39.0,0.0,0.0
3/2/2020,120,0,2,36.0,0.0,0.0
3/3/2020,165,1,2,45.0,1.0,0.0
3/4/2020,222,2,2,57.0,1.0,0.0
3/5/2020,259,3,2,37.0,1.0,0.0
3/6/2020,400,5,2,141.0,2.0,0.0
3/7/2020,500,10,30,100.0,5.0,28.0
3/8/2020,673,17,30,173.0,7.0,0.0
3/9/2020,1073,28,32,400.0,11.0,2.0
3/10/2020,1695,35,32,622.0,7.0,0.0
3/11/2020,2277,54,183,582.0,19.0,151.0
3/12/2020,2277,55,183,0.0,1.0,0.0
3/13/2020,5232,133,193,2955.0,78.0,10.0
3/14/2020,6391,195,517,1159.0,62.0,324.0
3/15/2020,7798,289,517,1407.0,94.0,0.0
3/16/2020,9942,342,530,2144.0,53.0,13.0
3/17/2020,11748,533,1028,1806.0,191.0,498.0
3/18/2020,13910,623,1081,2162.0,90.0,53.0
3/19/2020,17963,830,1107,4053.0,207.0,26.0
3/20/2020,20410,1043,1588,2447.0,213.0,481.0
3/21/2020,25374,1375,2125,4964.0,332.0,537.0
3/22/2020,28768,1772,2575,3394.0,397.0,450.0
3/23/2020,35136,2311,3355,6368.0,539.0,780.0
3/24/2020,39885,2808,3794,4749.0,497.0,439.0
3/25/2020,49515,3647,5367,9630.0,839.0,1573.0
3/26/2020,57786,4365,7015,8271.0,718.0,1648.0
3/27/2020,65719,5138,9357,7933.0,773.0,2342.0
3/28/2020,73235,5982,12285,7516.0,844.0,2928.0
3/29/2020,80110,6803,14709,6875.0,821.0,2424.0
3/30/2020,87956,7716,16780,7846.0,913.0,2071.0
3/31/2020,95923,8464,19259,7967.0,748.0,2479.0
4/1/2020,104118,9387,22647,8195.0,923.0,3388.0
4/2/2020,112065,10348,26743,7947.0,961.0,4096.0
4/3/2020,119199,11198,30513,7134.0,850.0,3770.0
4/4/2020,126168,11947,34219,6969.0,749.0,3706.0
4/5/2020,131646,12641,38080,5478.0,694.0,3861.0
4/6/2020,136675,13341,40437,5029.0,700.0,2357.0
4/7/2020,141942,14045,43208,5267.0,704.0,2771.0
4/8/2020,148220,14792,48021,6278.0,747.0,4813.0
4/9/2020,153222,15447,52165,5002.0,655.0,4144.0
4/10/2020,158273,16081,55668,5051.0,634.0,3503.0
4/11/2020,163027,16606,59109,4754.0,525.0,3441.0
4/12/2020,166831,17209,62391,3804.0,603.0,3282.0
4/13/2020,170099,17756,64727,3268.0,547.0,2336.0
4/14/2020,172541,18056,67504,2442.0,300.0,2777.0
4/15/2020,177644,18708,70853,5103.0,652.0,3349.0
4/16/2020,184948,19315,74797,7304.0,607.0,3944.0
4/17/2020,190839,20002,74797,5891.0,687.0,0.0
4/18/2020,191726,20043,74797,887.0,41.0,0.0
4/19/2020,198674,20453,77357,6948.0,410.0,2560.0
4/20/2020,200210,20852,80587,1536.0,399.0,3230.0
4/21/2020,204178,21282,82514,3968.0,430.0,1927.0
4/22/2020,208389,21717,85915,4211.0,435.0,3401.0
4/23/2020,213024,22157,89250,4635.0,440.0,3335.0
4/24/2020,219764,22524,92355,6740.0,367.0,3105.0
4/25/2020,223759,22902,95708,3995.0,378.0,3353.0
4/26/2020,226629,23190,117727,2870.0,288.0,22019.0
4/27/2020,229422,23521,120832,2793.0,331.0,3105.0
